$ANSIBLE_VAULT;1.1;AES256
35363861623836333461623131613533383837613464653939613531633433636635316665393136
6265643734646262306236623561663032666463316332640a373465336564316361393131376165
38383636643332326539323635323132363134366136373036363434373038343661656465656566
6366616533666136620a616532383663346564346534383264353833383535366435653431353435
36616361663066396463353739333336323665343336303438303232336239613036333664636262
35633134323431346263663965623636613832626338326162303061613032613562353237366534
64633038363166373963333662613138363938353562643461666663303364346538623161366438
30383164323265343734656165333964336635636463303935383136343934633431653761383636
63386565383062356235353937333331393635613334316436303735343231643131633364396438
32316162303432646362333330383563333461656364613265666263656430353763653730663134
31366561326436383235306133353030353137663736303266353036333865363434396434343731
35666231623161323963363133626530633361653365653166363762346165623633633734333435
35373865616265363135653463363962623866363632383837666362613362346232643165366331
37333866323036366131366630656361353066373631333566663033303332333535363162623331
65636337616435626463636137626339306337343735663732373764363232313765643762626537
36346534623731343133366331643166336530323937303666613366393432613863376565333065
34333639636133633830633263343564623030376132303261613838643330353533666565366439
32623965636531346139656461316231613361313439326535633462366639346161643663643936
39323936646435323639316563383163306663326364373131366139303230626531326539303263
34393562633938656637313231313364636139313038373464626134363933356337633439656263
37313832613465653836653830666364333163393165303432393735313734313463363066616530
38313966356239313561623066353863663061366161363162346435393139323430633737626461
32643065613138353662636235376434363139386463653261366431663566336632386239633765
39616432633538656433363961326239316139343730633639333766363863373838336231666439
39656635326535636461643133633865653539353330383630623032633462656162653934303438
34616130356636616562366362663739393338623838396338653238633339366635303839373138
34616366383935383463643062366434393161626337356236643263616131393762613362303338
61336237316363646432393463646364636161323731333437393862643562393462633236633337
34656436663536336362343631623139363432623735333966373034353965363738373036646662
35613331346637666130343736356538613131336631366361393262323864636562323365303965
61373536616235373332323036626237376566316632303139663736343138393530643566346639
32363666646233353564663734303334313664376565666535623038666662653461666562633632
37663363316165333361336537333738396537373663313131643166353936623930376561376432
38616535303033646531333764613963616462323437396466623632393462636239633130343139
64656666313363386232393331383438363336323033343661316236643838353039613436303536
62376434633631653436343765303538613739313563613334616266356366376630366534623133
38653564633337313166363032313035343563326665373463396437323361333434303937353762
65623534623331613330373934353364626139623837343364353163306233326636333963373966
63346433343638633938393163323236616430616638326262376232316236363961326366356238
63323239663333643038636332343165363962343263363930363361393661333339363163613162
37313537303465373936383135303464646338343837396132373139316261646663636633313139
33636634306531386266303733636335386137643935633866633832363033303535303730343538
32353164653431326635623564316630326366386435616331363632613538393837356266366530
31363663333333656535623262376665303964333264306130333164643030343132316435313333
31373065316135666432346437643737643634333635626562343330656562343762303663363832
31623031643266393833353832336463663833363331323532373333393062613731663136326135
64666261356465373662356234353766353434376330346664663936373363346139636161303563
63613937323631303735663761373436343835633833613734613032323961646466356538303038
34336531363931373634353138323966306632653465626461636130643831366531313066656165
63343363623038316531396431613638373563633962643166303632643637663739623362383161
34636535663833613638353039636139383137363034333563383664653434656663663233633935
34383538326335316162646461633665623666636435636364633536333663623538633232653361
64373137386531333337393233396563616539626634363334306333663663643534386166366533
66613765353834386164303264636134386332366262313862366563643862356565306134333262
316463346335333432313831303363386532
